0.450 -0.215
-0.378 0.528
0.090 -0.678
-0.621 -0.142
0.855 0.326
-0.021 -0.802
0.335 0.279
-0.571 0.476
0.193 -0.425
-0.753 0.103
0.519 0.614
-0.288 -0.348
0.807 0.009
-0.146 0.751
0.399 -0.562
-0.687 -0.064
0.047 0.850
-0.451 -0.206
0.639 0.378
-0.223 0.695
0.760 -0.124
-0.081 -0.828
0.579 0.159
-0.382 0.448
0.270 -0.631
-0.819 -0.038
0.120 0.788
-0.506 -0.270
0.712 0.219
-0.176 0.732
0.836 -0.077
-0.009 -0.854
0.663 0.111
-0.418 0.550
0.326 -0.494
-0.784 0.017
0.167 0.815
-0.552 -0.318
0.745 0.266
-0.107 0.771
0.853 -0.030
0.030 -0.841
0.695 0.060
-0.467 0.597
0.364 -0.442
-0.841 0.000
0.215 0.836
-0.607 -0.364
0.771 0.313
-0.060 0.807