0.851 -0.407
-0.715 0.999
0.170 -0.981
-0.987 -0.269
0.957 0.617
-0.040 -0.991
0.634 0.528
-0.988 0.899
0.365 -0.804
-0.995 0.195
0.981 0.973
-0.545 -0.658
0.960 0.017
-0.276 0.990
0.755 -0.970
-0.922 -0.121
0.089 0.950
-0.853 -0.390
0.907 0.715
-0.422 0.928
0.910 -0.235
-0.153 -0.990
0.999 0.301
-0.722 0.848
0.511 -0.991
-0.983 -0.072
0.227 0.980
-0.957 -0.511
0.932 0.414
-0.333 0.950
0.998 -0.146
-0.017 -0.999
0.924 0.210
-0.791 0.985
0.617 -0.926
-0.999 0.032
0.316 0.975
-0.951 -0.602
0.940 0.499
-0.202 0.980
0.995 -0.057
0.057 -0.990
0.928 0.113
-0.884 0.980
0.690 -0.827
-0.999 0.000
0.407 0.998
-0.960 -0.690
0.980 0.592
-0.113 0.960