0.105 -0.050
-0.088 0.123
0.021 -0.158
-0.145 -0.033
0.199 0.076
-0.005 -0.187
0.078 0.065
-0.133 0.111
0.045 -0.099
-0.176 0.024
0.121 0.143
-0.067 -0.081
0.188 0.002
-0.034 0.175
0.093 -0.131
-0.160 -0.015
0.011 0.198
-0.105 -0.048
0.149 0.088
-0.052 0.162
0.177 -0.029
-0.019 -0.193
0.135 0.037
-0.089 0.104
0.063 -0.147
-0.191 -0.009
0.028 0.184
-0.118 -0.063
0.166 0.051
-0.041 0.171
0.195 -0.018
-0.002 -0.199
0.154 0.026
-0.097 0.128
0.076 -0.115
-0.183 0.004
0.039 0.190
-0.129 -0.074
0.173 0.062
-0.025 0.180
0.198 -0.007
0.007 -0.196
0.162 0.014
-0.108 0.140
0.085 -0.102
-0.196 0.000
0.050 0.195
-0.142 -0.085
0.180 0.073
-0.014 0.188