0.000 0.000 1.000 1.000 0.000 0.000 0.000 0.707 0.707
0.098 0.000 0.995 0.995 0.098 0.000 -0.050 0.707 0.705
0.195 0.000 0.981 0.981 0.195 0.000 -0.100 0.707 0.700
0.290 0.000 0.957 0.957 0.290 0.000 -0.150 0.707 0.692
0.383 0.000 0.924 0.924 0.383 0.000 -0.200 0.707 0.680
0.471 0.000 0.882 0.882 0.471 0.000 -0.250 0.707 0.665
0.556 0.000 0.831 0.831 0.556 0.000 -0.300 0.707 0.646
0.634 0.000 0.773 0.773 0.634 0.000 -0.350 0.707 0.624
0.707 0.000 0.707 0.707 0.707 0.000 -0.400 0.707 0.599
0.773 0.000 0.634 0.634 0.773 0.000 -0.450 0.707 0.571
0.831 0.000 0.556 0.556 0.831 0.000 -0.500 0.707 0.500
0.882 0.000 0.471 0.471 0.882 0.000 -0.550 0.707 0.426
0.924 0.000 0.383 0.383 0.924 0.000 -0.600 0.707 0.349
0.957 0.000 0.290 0.290 0.957 0.000 -0.650 0.707 0.270
0.981 0.000 0.195 0.195 0.981 0.000 -0.700 0.707 0.189
0.995 0.000 0.098 0.098 0.995 0.000 -0.750 0.707 0.106
1.000 0.000 0.000 0.000 1.000 0.000 -0.800 0.707 0.022
0.995 0.098 0.000 -0.098 0.995 0.000 -0.850 0.707 -0.063
0.981 0.195 0.000 -0.195 0.981 0.000 -0.900 0.707 -0.148
0.957 0.290 0.000 -0.290 0.957 0.000 -0.950 0.707 -0.235
0.924 0.383 0.000 -0.383 0.924 0.000 -1.000 0.707 -0.322
0.882 0.471 0.000 -0.471 0.882 0.000 -0.950 0.707 -0.410
0.831 0.556 0.000 -0.556 0.831 0.000 -0.900 0.707 -0.497
0.773 0.634 0.000 -0.634 0.773 0.000 -0.850 0.707 -0.583
0.707 0.707 0.000 -0.707 0.707 0.000 -0.800 0.707 -0.667
0.634 0.773 0.000 -0.773 0.634 0.000 -0.750 0.707 -0.750
0.556 0.831 0.000 -0.831 0.556 0.000 -0.700 0.707 -0.831
0.471 0.882 0.000 -0.882 0.471 0.000 -0.650 0.707 -0.910
0.383 0.924 0.000 -0.924 0.383 0.000 -0.600 0.707 -0.986
0.290 0.957 0.000 -0.957 0.290 0.000 -0.550 0.707 -1.060
0.195 0.981 0.000 -0.981 0.195 0.000 -0.500 0.707 -1.131
0.098 0.995 0.000 -0.995 0.098 0.000 -0.450 0.707 -1.200
0.000 1.000 0.000 -1.000 0.000 0.000 -0.400 0.707 -1.266
-0.098 0.995 0.000 -0.995 -0.098 0.000 -0.350 0.707 -1.329
-0.195 0.981 0.000 -0.981 -0.195 0.000 -0.300 0.707 -1.389
-0.290 0.957 0.000 -0.957 -0.290 0.000 -0.250 0.707 -1.446
-0.383 0.924 0.000 -0.924 -0.383 0.000 -0.200 0.707 -1.500
-0.471 0.882 0.000 -0.882 -0.471 0.000 -0.150 0.707 -1.551
-0.556 0.831 0.000 -0.831 -0.556 0.000 -0.100 0.707 -1.598
-0.634 0.773 0.000 -0.773 -0.634 0.000 -0.050 0.707 -1.642
-0.707 0.707 0.000 -0.707 -0.707 0.000 0.000 0.707 -1.683
-0.773 0.634 0.000 -0.634 -0.773 0.000 0.050 0.707 -1.720
-0.831 0.556 0.000 -0.556 -0.831 0.000 0.100 0.707 -1.754
-0.882 0.471 0.000 -0.471 -0.882 0.000 0.150 0.707 -1.784
-0.924 0.383 0.000 -0.383 -0.924 0.000 0.200 0.707 -1.811
-0.957 0.290 0.000 -0.290 -0.957 0.000 0.250 0.707 -1.834
-0.981 0.195 0.000 -0.195 -0.981 0.000 0.300 0.707 -1.854
-0.995 0.098 0.000 -0.098 -0.995 0.000 0.350 0.707 -1.870
-1.000 0.000 0.000 0.000 -1.000 0.000 0.400 0.707 -1.883